credit_score: 0.017736
gender: 0.102785
age: 0.078929
tenure: 0.040539
balance: 0.031052
products_number: 0.104911
credit_card: 0.023363
active_member: 0.217580
estimated_salary: 0.019698
country_Germany: 0.100059
country_Spain: 0.040909
has_credit_and_active: 0.066994
balance_salary_ratio: 0.027600
tenure_group_Mid: 0.054809
tenure_group_New: 0.073036
